image_width: 320
image_height: 256
camera_name: flir_gige
camera_matrix:
  rows: 3
  cols: 3
  data: [375.129394282814, 0, 169.8366184742329, 0, 373.6219959672013, 146.6576806258171, 0, 0, 1]
distortion_model: plumb_bob
distortion_coefficients:
  rows: 1
  cols: 5
  data: [-0.4820410607450944, 0.2750311470161373, -0.009904477400646594, -0.003677987376798879, 0]
rectification_matrix:
  rows: 3
  cols: 3
  data: [1428.0, 1.0, 118.126, 377312.0, 1, 0, 0, 0, 1]
projection_matrix:
  rows: 3
  cols: 4
  data: [315.831787109375, 0, 169.363890729408, 0, 0, 314.255126953125, 144.8520194076191, 0, 0, 0, 1, 0]
