image_width: 320
image_height: 256
camera_name: flir_ax5
camera_matrix:
  rows: 3
  cols: 3
  data: [375.9842119838092, 0, 153.4678765696215, 0, 377.2729167128362, 135.8320416882365, 0, 0, 1]
distortion_model: plumb_bob
distortion_coefficients:
  rows: 1
  cols: 5
  data: [-0.4418380040899846, 0.1548031845443598, -0.002349621102286872, -0.001071255038523554, 0]
rectification_matrix:
  rows: 3
  cols: 3
  data: [1, 0, 0, 0, 1, 0, 0, 0, 1]
projection_matrix:
  rows: 3
  cols: 4
  data: [341.0677795410156, 0, 151.2476567559443, 0, 0, 355.1935729980469, 135.8747393661461, 0, 0, 0, 1, 0]
